0.0	1.0	0.0	-0.12752701319	0.0	1.0	0.0	-0.0
0.126933036509	0.983812608979	0.125905679161	-0.12752701319	0.25645654315	0.967294863039	0.25365458391	-0.25365458391
0.253866073017	0.967625217958	0.249756643626	-0.12752701319	0.5129130863	0.871318704123	0.490717552004	-0.490717552004
0.380799109526	0.936564198268	0.366595017174	-0.366763327871	0.769369629451	0.718349350098	0.695682550603	-0.695682550603
0.507732146035	0.874509996616	0.471047615371	-0.610983732441	1.0258261726	0.518392568311	0.855142763005	-0.855142763005
0.634665182543	0.797131436182	0.577002011666	-0.597709124925	1.28228271575	0.284527586631	0.958667853037	-0.958667853037
0.761598219052	0.722800312654	0.674498399569	-0.573477282851	1.5387392589	0.0320515775717	0.999486216201	-0.999486216201
0.888531255561	0.638689877235	0.757881262517	-0.765005054087	1.79519580205	-0.222520933956	0.974927912182	-0.974927912182
1.01546429207	0.528536806892	0.823287771451	-0.970604104451	2.0516523452	-0.462538290241	0.886599306373	-0.886599306373
1.14239732858	0.407291034147	0.882890186643	-0.918770529431	2.30810888835	-0.672300890261	0.740277997075	-0.740277997075
1.26933036509	0.295410695519	0.930610753025	-0.844054054377	2.5645654315	-0.838088104892	0.545534901211	-0.545534901211
1.3962634016	0.181690862134	0.959260866078	-0.968028852849	2.82102197465	-0.949055747011	0.315108218024	-0.315108218024
1.5231964381	0.0495147894061	0.967868648042	-1.11458220513	3.0774785178	-0.99794539275	0.0640702199807	-0.0640702199807
1.65012947461	-0.0873335816276	0.966370336876	-1.01102088404	3.33393506095	-0.981559156991	-0.191158628701	0.191158628701
1.77706251112	-0.206877892102	0.953372465751	-0.872559841086	3.5903916041	-0.900968867902	-0.433883739118	0.433883739118
1.90399554763	-0.319139712393	0.919967875611	-0.923304947131	3.84684814725	-0.761445958369	-0.648228395308	0.648228395308
2.03092858414	-0.441559604073	0.868350839659	-1.00558441134	4.1033046904	-0.572116660122	-0.820172254597	0.820172254597
2.15786162065	-0.561922298103	0.806363277261	-0.852457319348	4.35976123355	-0.345365054421	-0.93846842205	0.93846842205
2.28479465716	-0.657493644032	0.736963387772	-0.653397240779	4.6162177767	-0.0960230259077	-0.995379112949	0.995379112949
2.41172769366	-0.737456618568	0.64995948394	-0.640769128853	4.87267431985	0.159599895033	-0.987181783414	0.987181783414
2.53866073017	-0.820652169756	0.549907121136	-0.670088209423	5.129130863	0.404783343122	-0.914412623016	0.914412623016
2.66559376668	-0.896704371272	0.4432225884	-0.484320907	5.38558740615	0.623489801859	-0.781831482468	0.781831482468
2.79252680319	-0.942890489765	0.335935162378	-0.243403249965	5.6420439493	0.801413621868	-0.598110530491	0.598110530491
2.9194598397	-0.967741679099	0.217397258088	-0.19032958149	5.89850049245	0.926916757346	-0.375267004879	0.375267004879
3.04639287621	-0.991983438371	0.0929697398924	-0.191631804442	6.1549570356	0.991790013823	-0.127877161685	0.127877161685
3.17332591272	-1.00717853432	-0.0314529045126	-0.000712664581889	6.41141357875	0.991790013823	0.127877161685	-0.127877161685
3.30025894923	-0.991195388207	-0.148557464559	0.252548538893	6.6678701219	0.926916757346	0.375267004879	-0.375267004879
3.42719198573	-0.951927501557	-0.268555455508	0.315744005772	6.92432666506	0.801413621868	0.598110530491	-0.598110530491
3.55412502224	-0.91219437481	-0.387071183569	0.310304623327	7.18078320821	0.623489801859	0.781831482468	-0.781831482468
3.68105805875	-0.865433595509	-0.497933509383	0.475117621758	7.43723975136	0.404783343122	0.914412623016	-0.914412623016
3.80799109526	-0.790343235571	-0.594289080469	0.708031572541	7.69369629451	0.159599895033	0.987181783414	-0.987181783414
3.93492413177	-0.694048170281	-0.685277561262	0.751114669623	7.95015283766	-0.0960230259077	0.995379112949	-0.995379112949
4.06185716828	-0.601287821807	-0.768993377423	0.71044886066	8.20660938081	-0.345365054421	0.93846842205	-0.93846842205
4.18879020479	-0.507190066831	-0.838566430112	0.821837845109	8.46306592396	-0.572116660122	0.820172254597	-0.820172254597
4.3157232413	-0.391123246463	-0.888814621579	1.00695036576	8.71952246711	-0.761445958369	0.648228395308	-0.648228395308
4.4426562778	-0.259220470023	-0.927625229104	1.00722823581	8.97597901026	-0.900968867902	0.433883739118	-0.433883739118
4.56958931431	-0.137584289879	-0.956340108532	0.909312697735	9.23243555341	-0.981559156991	0.191158628701	-0.191158628701
4.69652235082	-0.0227863846312	-0.967455137791	0.950628124638	9.48889209656	-0.99794539275	-0.0640702199807	0.0640702199807
4.82345538733	0.105632749743	-0.957851398095	1.07278733766	9.74534863971	-0.949055747011	-0.315108218024	0.315108218024
4.95038842384	0.242786951551	-0.934453417447	1.02069317671	10.0018051829	-0.838088104892	-0.545534901211	0.545534901211
5.07732146035	0.362036206003	-0.90176634231	0.858238545591	10.258261726	-0.672300890261	-0.740277997075	0.740277997075
5.20425449686	0.465615558056	-0.852123446481	0.827592160948	10.5147182692	-0.462538290241	-0.886599306373	0.886599306373
5.33118753336	0.574488573313	-0.784028065262	0.887848015258	10.7711748123	-0.222520933956	-0.974927912182	0.974927912182
5.45812056987	0.685250313058	-0.704034420627	0.789287301477	11.0276313555	0.0320515775717	-0.999486216201	0.999486216201
5.58505360638	0.771621990609	-0.618988208533	0.571614161629	11.2840878986	0.284527586631	-0.958667853037	0.958667853037
5.71198664289	0.834853786872	-0.521700898756	0.482332740482	11.5405444418	0.518392568311	-0.855142763005	0.855142763005
5.8389196794	0.897050945206	-0.411268374791	0.497666793833	11.7970009849	0.718349350098	-0.695682550603	0.695682550603
5.96585271591	0.956464696814	-0.294486157227	0.372551001956	12.0534575281	0.871318704123	-0.490717552004	0.490717552004
6.09278575242	0.987927723007	-0.179320062785	0.123191116223	12.3099140712	0.967294863039	-0.25365458391	0.25365458391
6.21971878893	0.991841116071	-0.0595672412458	0.000522499366693	12.5663706144	1.0	-4.89858719659e-16	4.89858719659e-16
6.34665182543	0.991841116071	0.0662961930415	-0.000522499366692
6.47358486194	0.987927723007	0.190895014232	-0.123191116223
6.60051789845	0.956464696814	0.306326087733	-0.372551001956
6.72745093496	0.897050945206	0.417685722655	-0.497666793833
6.85438397147	0.834853786872	0.528085657553	-0.482332740482
6.98131700798	0.771621990609	0.62969451386	-0.571614161629
7.10825004449	0.685250313058	0.715434648599	-0.789287301477
7.23518308099	0.574488573313	0.789665836935	-0.887848015258
7.3621161175	0.465615558056	0.857505097735	-0.827592160948
7.48904915401	0.362036206003	0.911257554871	-0.858238545591
7.61598219052	0.242786951551	0.944807781577	-1.02069317671
7.74291522703	0.105632749743	0.962545993547	-1.07278733766
7.86984826354	-0.0227863846312	0.971370867792	-0.950628124638
7.99678130005	-0.137584289879	0.964596087226	-0.909312697735
8.12371433656	-0.259220470023	0.936609548563	-1.00722823581
8.25064737306	-0.391123246463	0.892724547925	-1.00695036576
8.37758040957	-0.507190066831	0.840902697041	-0.821837845109
8.50451344608	-0.601287821807	0.776286946753	-0.71044886066
8.63144648259	-0.694048170281	0.692960047558	-0.751114669623
8.7583795191	-0.790343235571	0.59781488819	-0.708031572541
8.88531255561	-0.865433595509	0.498984287115	-0.475117621758
9.01224559212	-0.91219437481	0.393849359505	-0.310304623327
9.13917862862	-0.951927501557	0.275397212428	-0.315744005772
9.26611166513	-0.991195388207	0.152195234676	-0.252548538893
9.39304470164	-1.00717853432	0.0318611777024	0.000712664581893
9.51997773815	-0.991983438371	-0.0862470091525	0.191631804442
9.64691077466	-0.967741679099	-0.210656538073	0.19032958149
9.77384381117	-0.942890489765	-0.331755905659	0.243403249965
9.90077684768	-0.896704371272	-0.442627444156	0.484320907
10.0277098842	-0.820652169756	-0.542916188812	0.670088209423
10.1546429207	-0.737456618568	-0.642501218487	0.640769128853
10.2815759572	-0.657493644032	-0.732003747428	0.653397240779
10.4085089937	-0.561922298103	-0.804788094825	0.852457319348
10.5354420302	-0.441559604073	-0.860993346685	1.00558441134
10.6623750667	-0.319139712393	-0.911124018083	0.923304947131
10.7893081032	-0.206877892102	-0.947631356118	0.872559841086
10.9162411397	-0.0873335816276	-0.963277636317	1.01102088404
11.0431741763	0.0495147894061	-0.960273934129	1.11458220513
11.1701072128	0.181690862134	-0.948707224684	0.968028852849
11.2970402493	0.295410695519	-0.924283543004	0.844054054377
11.4239732858	0.407291034147	-0.878150906549	0.918770529431
11.5509063223	0.528536806892	-0.815732625929	0.970604104451
11.6778393588	0.638689877235	-0.745738096359	0.765005054087
11.8047723953	0.722800312654	-0.667866082885	0.573477282851
11.9317054318	0.797131436182	-0.570936187364	0.597709124925
12.0586384683	0.874509996616	-0.463825887202	0.610983732441
12.1855715048	0.936564198268	-0.353404382918	0.366763327871
12.3125045413	0.967625217958	-0.24304865449	0.12752701319
12.4394375779	0.983812608979	-0.119197690025	0.12752701319
12.5663706144	1.0	0.00670798913619	0.12752701319
