0.0	1.0	0.0	-0.074439270911	0.0	1.0	0.0	-0.0
0.126933036509	0.990127842515	0.125905679161	-0.0844450535811	0.25645654315	0.967294863039	0.25365458391	-0.25365458391
0.253866073017	0.977715556277	0.249756643626	-0.114462401592	0.5129130863	0.871318704123	0.490717552004	-0.490717552004
0.380799109526	0.928774521252	0.366595017174	-0.384752698617	0.769369629451	0.718349350098	0.695682550603	-0.695682550603
0.507732146035	0.870519106891	0.471047615371	-0.531962894293	1.0258261726	0.518392568311	0.855142763005	-0.855142763005
0.634665182543	0.804983853544	0.577002011666	-0.593466753878	1.28228271575	0.284527586631	0.958667853037	-0.958667853037
0.761598219052	0.723259299022	0.674498399569	-0.694045832924	1.5387392589	0.0320515775717	0.999486216201	-0.999486216201
0.888531255561	0.630421508909	0.757881262517	-0.781006938489	1.79519580205	-0.222520933956	0.974927912182	-0.974927912182
1.01546429207	0.525604729416	0.823287771451	-0.869916048437	2.0516523452	-0.462538290241	0.886599306373	-0.886599306373
1.14239732858	0.415219313126	0.882890186643	-0.914110064703	2.30810888835	-0.672300890261	0.740277997075	-0.740277997075
1.26933036509	0.2953237627	0.930610753025	-0.974391109264	2.5645654315	-0.838088104892	0.545534901211	-0.545534901211
1.3962634016	0.17346801336	0.959260866078	-0.989648416852	2.82102197465	-0.949055747011	0.315108218024	-0.315108218024
1.5231964381	0.0458548547889	0.967868648042	-1.02038138241	3.0774785178	-0.99794539275	0.0640702199807	-0.0640702199807
1.65012947461	-0.0794205534864	0.966370336876	-1.00145286133	3.33393506095	-0.981559156991	-0.191158628701	0.191158628701
1.77706251112	-0.20647827082	0.953372465751	-0.999825552317	3.5903916041	-0.900968867902	-0.433883739118	0.433883739118
1.90399554763	-0.327213963536	0.919967875611	-0.949135423461	3.84684814725	-0.761445958369	-0.648228395308	0.648228395308
2.03092858414	-0.44559499007	0.868350839659	-0.915467798931	4.1033046904	-0.572116660122	-0.820172254597	0.820172254597
2.15786162065	-0.554035889594	0.806363277261	-0.835991867858	4.35976123355	-0.345365054421	-0.93846842205	0.93846842205
2.28479465716	-0.656151671381	0.736963387772	-0.772412759242	4.6162177767	-0.0960230259077	-0.995379112949	0.995379112949
2.41172769366	-0.745345802519	0.64995948394	-0.669319667209	4.87267431985	0.159599895033	-0.987181783414	0.987181783414
2.53866073017	-0.824662851912	0.549907121136	-0.579979017009	5.129130863	0.404783343122	-0.914412623016	0.914412623016
2.66559376668	-0.888881521889	0.4432225884	-0.459816508143	5.38558740615	0.623489801859	-0.781831482468	0.781831482468
2.79252680319	-0.940329850941	0.335935162378	-0.350521208953	5.6420439493	0.801413621868	-0.598110530491	0.598110530491
2.9194598397	-0.975442321447	0.217397258088	-0.220926251385	5.89850049245	0.926916757346	-0.375267004879	0.375267004879
3.04639287621	-0.995741839142	0.0929697398924	-0.0987878305627	6.1549570356	0.991790013823	-0.127877161685	0.127877161685
3.17332591272	-0.999479523595	-0.0314529045126	0.0320315043632	6.41141357875	0.991790013823	0.127877161685	-0.127877161685
3.30025894923	-0.987348399936	-0.148557464559	0.159066352255	6.6678701219	0.926916757346	0.375267004879	-0.375267004879
3.42719198573	-0.959451993548	-0.268555455508	0.28284161307	6.92432666506	0.801413621868	0.598110530491	-0.598110530491
3.55412502224	-0.915687675736	-0.387071183569	0.406506230203	7.18078320821	0.623489801859	0.781831482468	-0.781831482468
3.68105805875	-0.857925041438	-0.497933509383	0.515432957012	7.43723975136	0.404783343122	0.914412623016	-0.914412623016
3.80799109526	-0.785351787289	-0.594289080469	0.627679140863	7.69369629451	0.159599895033	0.987181783414	-0.987181783414
3.93492413177	-0.701406030162	-0.685277561262	0.714907786971	7.95015283766	-0.0960230259077	0.995379112949	-0.995379112949
4.06185716828	-0.604692676523	-0.768993377423	0.808429429475	8.20660938081	-0.345365054421	0.93846842205	-0.93846842205
4.18879020479	-0.499927318118	-0.838566430112	0.868495639488	8.46306592396	-0.572116660122	0.820172254597	-0.820172254597
4.3157232413	-0.385286972329	-0.888814621579	0.937204305758	8.71952246711	-0.761445958369	0.648228395308	-0.648228395308
4.4426562778	-0.266403238038	-0.927625229104	0.966370602529	8.97597901026	-0.900968867902	0.433883739118	-0.433883739118
4.56958931431	-0.141194223321	-0.956340108532	1.005791881	9.23243555341	-0.981559156991	0.191158628701	-0.191158628701
4.69652235082	-0.015802332133	-0.967455137791	1.00227968677	9.48889209656	-0.99794539275	-0.0640702199807	0.0640702199807
4.82345538733	0.111943993293	-0.957851398095	1.00984456643	9.74534863971	-0.949055747011	-0.315108218024	0.315108218024
4.95038842384	0.235812102129	-0.934453417447	0.973942125608	10.0018051829	-0.838088104892	-0.545534901211	0.545534901211
5.07732146035	0.357906359375	-0.90176634231	0.949154410667	10.258261726	-0.672300890261	-0.740277997075	0.740277997075
5.20425449686	0.472311656041	-0.852123446481	0.883194120122	10.5147182692	-0.462538290241	-0.886599306373	0.886599306373
5.33118753336	0.580931277784	-0.784028065262	0.8276629764	10.7711748123	-0.222520933956	-0.974927912182	0.974927912182
5.45812056987	0.678536643806	-0.704034420627	0.735869850451	11.0276313555	0.0320515775717	-0.999486216201	0.999486216201
5.58505360638	0.766726900115	-0.618988208533	0.653205347732	11.2840878986	0.284527586631	-0.958667853037	0.958667853037
5.71198664289	0.841267856854	-0.521700898756	0.541426464883	11.5405444418	0.518392568311	-0.855142763005	0.855142763005
5.8389196794	0.903386995494	-0.411268374791	0.437004895832	11.7970009849	0.718349350098	-0.695682550603	0.695682550603
5.96585271591	0.950073946315	-0.294486157227	0.312337147182	12.0534575281	0.871318704123	-0.490717552004	0.490717552004
6.09278575242	0.982153966729	-0.179320062785	0.19295137819	12.3099140712	0.967294863039	-0.25365458391	0.25365458391
6.21971878893	0.99798011279	-0.0595672412458	0.0632912036109	12.5663706144	1.0	-4.89858719659e-16	4.89858719659e-16
6.34665182543	0.99798011279	0.0662961930415	-0.0632912036109
6.47358486194	0.981915236012	0.190895014232	-0.189747545894
6.60051789845	0.949851163526	0.306326087733	-0.315289698513
6.72745093496	0.902908778683	0.417685722655	-0.430563732003
6.85438397147	0.840851345438	0.528085657553	-0.546895377568
6.98131700798	0.766024838375	0.62969451386	-0.643729224856
7.10825004449	0.677965800218	0.715434648599	-0.743278455608
7.23518308099	0.580037570738	0.789665836935	-0.815591222753
7.3621161175	0.471633009253	0.857505097735	-0.891877311344
7.48904915401	0.356868786236	0.911257554871	-0.935146380775
7.61598219052	0.235075898782	0.944807781577	-0.983201670786
7.74291522703	0.110823768481	0.962545993547	-0.994745033011
7.86984826354	-0.016545515052	0.971370867792	-1.01143842018
7.99678130005	-0.142325702439	0.964596087226	-0.99058045468
8.12371433656	-0.267105643256	0.936609548563	-0.974821394858
8.25064737306	-0.386352342766	0.892724547925	-0.922931885491
8.37758040957	-0.500546746014	0.840902697041	-0.875741637725
8.50451344608	-0.605613567268	0.776286946753	-0.796145804859
8.63144648259	-0.701908031892	0.692960047558	-0.720591254152
8.7583795191	-0.786054221182	0.59781488819	-0.618356724921
8.88531255561	-0.858284483509	0.498984287115	-0.519351077214
9.01224559212	-0.9161075616	0.393849359505	-0.400965395577
9.13917862862	-0.959653950012	0.275397212428	-0.284948678824
9.26611166513	-0.987436735556	0.152195234676	-0.15790802248
9.39304470164	-0.99951952347	0.0318611777024	-0.0324282370395
9.51997773815	-0.995469206359	-0.0862470091525	0.0952371805404
9.64691077466	-0.975325918625	-0.210656538073	0.222015279076
9.77384381117	-0.939689919644	-0.331755905659	0.342246988325
9.90077684768	-0.888623547448	-0.442627444156	0.46207252442
10.0277098842	-0.823674236929	-0.542916188812	0.567296700438
10.1546429207	-0.744968360533	-0.642501218487	0.672371994698
10.2815759572	-0.654859117978	-0.732003747428	0.755958383008
10.4085089937	-0.553568995065	-0.804788094825	0.839437404892
10.5354420302	-0.44406523765	-0.860993346685	0.896181074576
10.6623750667	-0.326685112078	-0.911124018083	0.952649663672
10.7893081032	-0.204807189461	-0.947631356118	0.978857993196
10.9162411397	-0.0788838054443	-0.963277636317	1.00455475326
11.0431741763	0.0475851666602	-0.960273934129	0.999153687473
11.1701072128	0.174047509602	-0.948707224684	0.992716325143
11.2970402493	0.296910459527	-0.924283543004	0.954108794181
11.4239732858	0.415553260468	-0.878150906549	0.914754940482
11.5509063223	0.527253866535	-0.815732625929	0.852649813935
11.6778393588	0.631410171894	-0.745738096359	0.787488436552
11.8047723953	0.723654925704	-0.667866082885	0.67940040033
11.9317054318	0.803210967366	-0.570936187364	0.575355382593
12.0586384683	0.874042378983	-0.463825887202	0.52468007592
12.1855715048	0.936585900566	-0.353404382918	0.454334388776
12.3125045413	0.96759631298	-0.24304865449	0.11354435418
12.4394375779	0.967419004829	-0.119197690025	-0.0933498380003
12.5663706144	0.949733891312	0.00670798913619	-0.162314568727
